Solutions	
793.0	
767.0	
743.0	
731.0	
727.0	
725.0	
723.0	
697.0	
692.0	
691.0	
692.0	
674.0	
662.0	
656.0	
657.0	
657.0	
659.0	
662.0	
663.0	
655.0	
660.0	
657.0	
653.0	
653.0	
658.0	
665.0	
665.0	
661.0	
656.0	
649.0	
650.0	
648.0	
648.0	
645.0	
638.0	
637.0	
640.0	
643.0	
648.0	
647.0	
649.0	
649.0	
652.0	
656.0	
657.0	
660.0	
658.0	
655.0	
650.0	
649.0	
652.0	
653.0	
645.0	
646.0	
649.0	
650.0	
652.0	
652.0	
653.0	
654.0	
654.0	
656.0	
653.0	
653.0	
655.0	
658.0	
662.0	
659.0	
659.0	
659.0	
657.0	
658.0	
661.0	
664.0	
660.0	
657.0	
658.0	
657.0	
657.0	
656.0	
657.0	
658.0	
657.0	
652.0	
652.0	
655.0	
658.0	
657.0	
659.0	
659.0	
659.0	
659.0	
660.0	
663.0	
660.0	
660.0	
657.0	
659.0	
657.0	
654.0	
660.0	
662.0	
661.0	
664.0	
660.0	
661.0	
664.0	
665.0	
664.0	
665.0	
667.0	
670.0	
667.0	
666.0	
667.0	
660.0	
653.0	
652.0	
651.0	
645.0	
642.0	
639.0	
642.0	
647.0	
651.0	
654.0	
654.0	
654.0	
654.0	
652.0	
653.0	
650.0	
647.0	
644.0	
641.0	
641.0	
642.0	
644.0	
649.0	
651.0	
650.0	
656.0	
653.0	
656.0	
653.0	
656.0	
651.0	
650.0	
644.0	
646.0	
649.0	
655.0	
658.0	
664.0	
664.0	
659.0	
662.0	
660.0	
659.0	
659.0	
661.0	
663.0	
661.0	
652.0	
654.0	
652.0	
647.0	
648.0	
649.0	
641.0	
638.0	
640.0	
643.0	
646.0	
649.0	
652.0	
657.0	
662.0	
659.0	
661.0	
666.0	
667.0	
665.0	
666.0	
661.0	
656.0	
657.0	
658.0	
660.0	
661.0	
661.0	
659.0	
661.0	
664.0	
667.0	
666.0	
671.0	
669.0	
668.0	
665.0	
